32 # 0 10
33 # 10 10
34 # 20 10
35 # 30 10
36 # 40 10
37 # 50 10
38 # 60 10
39 # 70 10
40 # 80 10
41 # 90 10
42 # 100 10
43 # 110 10
44 # 120 10
45 # 130 10
46 # 140 10
47 # 150 10
48 # 160 10
49 # 170 10
50 # 180 10
51 # 190 10
52 # 200 10
53 # 210 10
54 # 220 10
55 # 230 10
56 # 240 10
57 # 250 10
58 # 260 10
59 # 270 10
60 # 280 10
61 # 290 10
62 # 300 10
63 # 310 10
64 # 320 10
65 # 330 10
66 # 340 10
67 # 350 10
68 # 360 10
69 # 370 10
70 # 380 10
71 # 390 10
72 # 400 10
73 # 410 10
74 # 420 10
75 # 430 10
76 # 440 10
77 # 450 10
78 # 460 10
79 # 470 10
80 # 480 10
81 # 490 10
82 # 500 10
83 # 510 10
84 # 520 10
85 # 530 10
86 # 540 10
87 # 550 10
88 # 560 10
89 # 570 10
90 # 580 10
91 # 590 10
92 # 600 10
93 # 610 10
94 # 620 10
95 # 630 10
96 # 640 10
97 # 650 10
98 # 660 10
99 # 670 10
100 # 680 10
101 # 690 10
102 # 700 10
103 # 710 10
104 # 720 10
105 # 730 10
106 # 740 10
107 # 750 10
108 # 760 10
109 # 770 10
110 # 780 10
111 # 790 10
112 # 800 10
113 # 810 10
114 # 820 10
115 # 830 10
116 # 840 10
117 # 850 10
118 # 860 10
119 # 870 10
120 # 880 10
121 # 890 10
122 # 900 10
123 # 910 10
124 # 920 10
125 # 930 10
126 # 940 10
127 # 950 10
128 # 960 10
129 # 970 10
130 # 980 10
131 # 990 10