32   0.0       0
33 ! 1.0       1
34 " 3.0       3
35 # 7.0       8
36 $ 16.0      5
37 % 22.0      10
38 & 33.0       8
39 ' 42.0       1
40 ( 44.0000128  3
41 ) 47.9999616  3
42 * 52.0000128  5
43 + 58.0000384  7
44 , 66.0000384  1
45 - 68.0000128  3
46 . 71.9999616  1
47 / 74.0000384  4
48 0 79.0000256  6
49 1 86.0        3
50 2 90.0000384  6
51 3 97.0        6
52 4 104.000064   6
53 5 111.000128   6
54 6 118.000192   6
55 7 125.000256   6
56 8 132.00032    6
57 9 139.000384   6
58 : 146.000448   1
59 ; 148.00032   1
60 < 150.000192   6
61 = 157.000256   7
62 > 164.999744   6
63 ? 171.999808   5
64 @ 178.000448   12
65 A 191.0        9
66 B 201.000512   7
67 C 209.0        7
68 D 217.000512   7
69 E 225.0        7
70 F 233.000512   6
71 G 239.999552   8
72 H 249.000512   7
73 I 257.0       1
74 J 258.999872   5
75 K 265.000512   8
76 L 274.000448   6
77 M 281.000512   9
78 N 290.999872   7
79 O 299.000384   8
80 P 308.00032   7
81 Q 315.999808   8
82 R 323.999744   7
83 S 333.000256   7
84 T 340.999744   7
85 U 349.000256   7
86 V 356.999744   9
87 W 367.000128   13
88 X 381.000256   7
89 Y 388.999744   7
90 Z 397.000256   7
91 [ 404.999744   2
92 \ 408.000064   4
93 ] 413.000256   2
94 ^ 415.999552   5
95 _ 422.000192   7
96 ` 429.99968   2
97 a 433.0       5
98 b 438.999616   5
99 c 445.000256   5
100 d 451.0  5
101 e 457.000512  5
102 f 463.000128  4
103 g 468.00032  5
104 h 474.0  5
105 i 480.0  1
106 j 482.000448  3
107 k 486.000192  5
108 l 492.0  1
109 m 493.99968  9
110 n 504.000064  5
111 o 510.0   5
112 p 516.00032   5
113 q 521.999936  5
114 r 527.999552  3
115 s 532.00032  5
116 t 538.0  3
117 u 542.0   5
118 v 548.00032   5
119 w 553.999936  9
120 x 564.00032  5
121 y 570.0  5
122 z 576.0  5
123 { 582.000192  3
124 | 585.999936  1
125 } 587.999808  3
126 ~ 591.999552  7